S
0, -1, 0, 
1, 0, 0, 
0, 0, 1;
H
0, 0, 1, 
0, -1, 0, 
1, 0, 0;
SS
-1, 0, 0, 
0, -1, 0, 
0, 0, 1;
HS
0, 0, 1, 
-1, 0, 0, 
0, -1, 0;
SH
0, 1, 0, 
0, 0, 1, 
1, 0, 0;
SSS
0, 1, 0, 
-1, 0, 0, 
0, 0, 1;
HSS
0, 0, 1, 
0, 1, 0, 
-1, 0, 0;
SHS
1, 0, 0, 
0, 0, 1, 
0, -1, 0;
SSH
0, 0, -1, 
0, 1, 0, 
1, 0, 0;
HSH
1, 0, 0, 
0, 0, -1, 
0, 1, 0;
HSSS
0, 0, 1, 
1, 0, 0, 
0, 1, 0;
SHSS
0, -1, 0, 
0, 0, 1, 
-1, 0, 0;
SSHS
0, 0, -1, 
1, 0, 0, 
0, -1, 0;
HSHS
0, -1, 0, 
0, 0, -1, 
1, 0, 0;
HSSH
1, 0, 0, 
0, -1, 0, 
0, 0, -1;
SHSSS
-1, 0, 0, 
0, 0, 1, 
0, 1, 0;
SSHSS
0, 0, -1, 
0, -1, 0, 
-1, 0, 0;
HSHSS
-1, 0, 0, 
0, 0, -1, 
0, -1, 0;
HSSHS
0, -1, 0, 
-1, 0, 0, 
0, 0, -1;
SHSSH
0, 1, 0, 
1, 0, 0, 
0, 0, -1;
SSHSSS
0, 0, -1, 
-1, 0, 0, 
0, 1, 0;
HSHSSS
0, 1, 0, 
0, 0, -1, 
-1, 0, 0;
HSSHSS
-1, 0, 0, 
0, 1, 0, 
0, 0, -1;